11000, 0.007146, -19.900000
12000, 0.006774, -19.900000
13000, 0.006697, -19.500000
14000, 0.006594, -19.500000
15000, 0.006493, -19.400000
16000, 0.006410, -19.300000
17000, 0.006259, -19.200000
18000, 0.006134, -18.800000
19000, 0.006071, -18.800000
20000, 0.006031, -18.800000
21000, 0.005967, -18.400000
22000, 0.005898, -18.100000
23000, 0.005864, -18.500000
24000, 0.005820, -18.300000
25000, 0.005792, -18.300000
26000, 0.005760, -18.300000
27000, 0.005725, -18.000000
28000, 0.005691, -18.000000
29000, 0.005649, -17.600000
30000, 0.005596, -17.100000
31000, 0.005550, -17.300000
32000, 0.005519, -17.300000
33000, 0.005478, -17.300000
34000, 0.005426, -17.500000
35000, 0.005387, -17.700000
36000, 0.005361, -17.600000
37000, 0.005359, -17.700000
38000, 0.005341, -17.900000
39000, 0.005317, -17.900000
40000, 0.005295, -17.900000
41000, 0.005277, -17.900000
42000, 0.005258, -17.500000
43000, 0.005240, -17.800000
44000, 0.005228, -17.700000
45000, 0.005210, -17.800000
46000, 0.005190, -17.800000
47000, 0.005171, -17.800000
48000, 0.005157, -17.700000
49000, 0.005147, -17.500000
50000, 0.005127, -17.400000
51000, 0.005128, -17.400000
52000, 0.005118, -17.300000
53000, 0.005100, -17.200000
54000, 0.005097, -17.200000
55000, 0.005086, -17.800000
56000, 0.005074, -17.400000
57000, 0.005057, -17.400000
58000, 0.005049, -17.100000
59000, 0.005039, -17.100000
60000, 0.005032, -16.300000
61000, 0.005010, -16.100000
62000, 0.004996, -16.000000
63000, 0.004979, -16.000000
64000, 0.004962, -15.800000
65000, 0.004940, -15.600000
66000, 0.004928, -15.700000
67000, 0.004914, -15.700000
68000, 0.004899, -15.900000
69000, 0.004886, -15.800000
70000, 0.004863, -16.100000
71000, 0.004855, -16.100000
72000, 0.004839, -16.200000
73000, 0.004825, -16.900000
74000, 0.004812, -16.900000
75000, 0.004798, -16.900000
76000, 0.004780, -16.600000
77000, 0.004762, -16.700000
78000, 0.004752, -16.700000
79000, 0.004740, -16.200000
80000, 0.004731, -16.200000
81000, 0.004723, -16.100000
82000, 0.004709, -16.100000
83000, 0.004697, -16.100000
84000, 0.004690, -15.800000
85000, 0.004681, -15.900000
86000, 0.004672, -15.900000
87000, 0.004659, -15.800000
88000, 0.004649, -15.300000
89000, 0.004637, -15.300000
90000, 0.004625, -14.700000
91000, 0.004615, -14.700000
92000, 0.004605, -15.000000
93000, 0.004591, -14.600000
94000, 0.004580, -14.600000
95000, 0.004573, -14.800000
96000, 0.004564, -14.600000
97000, 0.004557, -14.600000
98000, 0.004546, -14.600000
99000, 0.004537, -14.800000
100000, 0.004528, -14.800000
101000, 0.004532, -14.700000
102000, 0.004529, -14.700000
103000, 0.004529, -14.700000
104000, 0.004523, -14.900000
105000, 0.004520, -15.500000
106000, 0.004516, -15.500000
107000, 0.004509, -15.100000
108000, 0.004500, -15.100000
109000, 0.004498, -14.700000
110000, 0.004492, -14.700000
111000, 0.004486, -14.700000
112000, 0.004480, -14.700000
113000, 0.004470, -14.600000
114000, 0.004465, -14.500000
115000, 0.004459, -14.500000
116000, 0.004457, -14.400000
117000, 0.004452, -14.400000
118000, 0.004453, -14.200000
119000, 0.004446, -14.500000
120000, 0.004437, -14.500000
121000, 0.004430, -14.400000
122000, 0.004423, -14.400000
123000, 0.004417, -14.400000
124000, 0.004408, -14.400000
125000, 0.004401, -14.200000
126000, 0.004394, -14.800000
127000, 0.004388, -14.800000
128000, 0.004380, -14.700000
129000, 0.004375, -14.700000
130000, 0.004370, -14.700000
131000, 0.004364, -14.700000
132000, 0.004359, -14.200000
133000, 0.004352, -14.200000
134000, 0.004347, -13.900000
135000, 0.004339, -14.000000
136000, 0.004333, -14.000000
137000, 0.004327, -13.800000
138000, 0.004319, -13.800000
139000, 0.004311, -13.200000
140000, 0.004307, -13.200000
141000, 0.004304, -12.900000
142000, 0.004297, -13.200000
143000, 0.004291, -13.200000
144000, 0.004285, -13.200000
145000, 0.004279, -12.400000
146000, 0.004268, -12.500000
147000, 0.004262, -12.500000
148000, 0.004255, -12.600000
149000, 0.004249, -12.600000
150000, 0.004241, -12.800000
151000, 0.004245, -12.800000
152000, 0.004245, -13.000000
153000, 0.004246, -12.700000
154000, 0.004249, -12.700000
155000, 0.004253, -12.200000
156000, 0.004253, -12.200000
157000, 0.004253, -12.900000
158000, 0.004251, -12.900000
159000, 0.004253, -13.000000
160000, 0.004252, -13.000000
161000, 0.004250, -12.600000
162000, 0.004252, -12.600000
163000, 0.004250, -12.900000
164000, 0.004247, -12.900000
165000, 0.004245, -12.700000
166000, 0.004241, -12.700000
167000, 0.004236, -11.900000
168000, 0.004233, -11.900000
169000, 0.004232, -11.800000
170000, 0.004231, -11.800000
171000, 0.004229, -12.000000
172000, 0.004226, -12.000000
173000, 0.004225, -11.900000
174000, 0.004225, -11.900000
175000, 0.004227, -12.300000
176000, 0.004224, -12.300000
177000, 0.004222, -11.800000
178000, 0.004220, -11.800000
179000, 0.004216, -11.600000
180000, 0.004216, -11.600000
181000, 0.004217, -11.300000
182000, 0.004213, -11.300000
183000, 0.004209, -11.800000
184000, 0.004208, -11.800000
185000, 0.004203, -11.800000
186000, 0.004204, -11.800000
187000, 0.004203, -12.200000
188000, 0.004200, -12.200000
189000, 0.004197, -12.500000
190000, 0.004193, -12.600000
191000, 0.004194, -12.600000
192000, 0.004191, -12.100000
193000, 0.004187, -12.100000
194000, 0.004186, -12.100000
195000, 0.004187, -11.500000
196000, 0.004185, -11.500000
197000, 0.004185, -11.800000
198000, 0.004179, -11.800000
199000, 0.004176, -11.700000
200000, 0.004175, -11.700000
201000, 0.004181, -12.100000
202000, 0.004184, -12.100000
203000, 0.004189, -11.500000
204000, 0.004193, -11.500000
205000, 0.004195, -11.400000
206000, 0.004198, -11.400000
207000, 0.004201, -11.200000
208000, 0.004202, -11.200000
209000, 0.004208, -10.400000
210000, 0.004209, -10.400000
211000, 0.004214, -9.700000
212000, 0.004219, -9.700000
213000, 0.004221, -10.000000
214000, 0.004226, -10.000000
215000, 0.004227, -10.000000
216000, 0.004228, -9.900000
217000, 0.004231, -10.300000
218000, 0.004230, -10.300000
219000, 0.004230, -10.300000
220000, 0.004231, -9.700000
221000, 0.004237, -9.700000
222000, 0.004237, -9.600000
223000, 0.004242, -9.600000
224000, 0.004247, -9.600000
225000, 0.004249, -10.000000
226000, 0.004249, -10.000000
227000, 0.004249, -10.800000
228000, 0.004251, -10.800000
229000, 0.004249, -11.000000
230000, 0.004253, -11.800000
231000, 0.004252, -11.800000
232000, 0.004251, -12.300000
233000, 0.004250, -12.300000
234000, 0.004252, -12.700000
235000, 0.004254, -12.700000
236000, 0.004259, -12.000000
237000, 0.004261, -12.000000
238000, 0.004260, -13.000000
239000, 0.004261, -13.500000
240000, 0.004263, -13.500000
241000, 0.004262, -14.200000
242000, 0.004265, -14.200000
243000, 0.004263, -13.600000
244000, 0.004266, -13.600000
245000, 0.004265, -12.800000
246000, 0.004265, -12.800000
247000, 0.004267, -13.200000
248000, 0.004266, -13.100000
249000, 0.004267, -13.100000
250000, 0.004268, -12.600000
251000, 0.004276, -12.600000
252000, 0.004286, -12.600000
253000, 0.004295, -12.600000
254000, 0.004299, -12.600000
255000, 0.004309, -12.600000
256000, 0.004314, -12.600000
257000, 0.004319, -12.000000
258000, 0.004320, -12.000000
259000, 0.004325, -11.300000
260000, 0.004327, -11.300000
261000, 0.004330, -10.900000
262000, 0.004333, -10.900000
263000, 0.004335, -11.500000
264000, 0.004339, -11.500000
265000, 0.004343, -11.500000
266000, 0.004347, -11.500000
267000, 0.004352, -11.200000
268000, 0.004353, -11.200000
269000, 0.004356, -10.800000
270000, 0.004365, -10.800000
271000, 0.004367, -11.600000
272000, 0.004370, -11.600000
273000, 0.004374, -11.400000
274000, 0.004376, -11.400000
275000, 0.004382, -11.600000
276000, 0.004390, -11.600000
277000, 0.004394, -11.600000
278000, 0.004395, -11.400000
279000, 0.004398, -12.100000
280000, 0.004402, -12.100000
281000, 0.004403, -12.200000
282000, 0.004405, -12.200000
283000, 0.004411, -11.900000
284000, 0.004414, -11.900000
285000, 0.004419, -12.100000
286000, 0.004420, -12.100000
287000, 0.004425, -12.100000
288000, 0.004428, -12.100000
289000, 0.004431, -12.000000
290000, 0.004431, -12.000000
291000, 0.004432, -11.100000
292000, 0.004435, -11.100000
293000, 0.004434, -11.700000
294000, 0.004434, -12.200000
295000, 0.004437, -12.200000
296000, 0.004441, -12.200000
297000, 0.004440, -12.500000
298000, 0.004442, -12.500000
299000, 0.004441, -11.600000
300000, 0.004440, -11.600000
301000, 0.004449, -11.500000
302000, 0.004459, -12.100000
303000, 0.004465, -12.100000
304000, 0.004478, -12.100000
305000, 0.004490, -12.100000
306000, 0.004501, -12.200000
307000, 0.004508, -12.200000
308000, 0.004515, -12.200000
309000, 0.004522, -11.800000
310000, 0.004541, -11.800000
311000, 0.004550, -12.100000
312000, 0.004560, -12.100000
313000, 0.004565, -11.500000
314000, 0.004576, -11.500000
315000, 0.004585, -10.600000
316000, 0.004594, -10.600000
317000, 0.004602, -11.000000
318000, 0.004608, -11.000000
319000, 0.004618, -11.100000
320000, 0.004623, -11.100000
321000, 0.004625, -10.800000
322000, 0.004631, -10.800000
323000, 0.004635, -10.700000
324000, 0.004640, -10.700000
325000, 0.004646, -11.000000
326000, 0.004653, -11.000000
327000, 0.004655, -10.900000
328000, 0.004658, -10.900000
329000, 0.004660, -11.100000
330000, 0.004665, -11.100000
331000, 0.004669, -11.400000
332000, 0.004672, -11.400000
333000, 0.004677, -11.100000
334000, 0.004678, -11.100000
335000, 0.004686, -11.100000
336000, 0.004690, -11.500000
337000, 0.004693, -11.400000
338000, 0.004698, -11.400000
339000, 0.004702, -11.900000
340000, 0.004704, -11.900000
341000, 0.004709, -12.400000
342000, 0.004709, -12.400000
343000, 0.004710, -12.300000
344000, 0.004715, -12.300000
345000, 0.004721, -11.500000
346000, 0.004723, -11.500000
347000, 0.004724, -11.800000
348000, 0.004730, -11.800000
349000, 0.004734, -12.300000
350000, 0.004737, -12.300000
351000, 0.004749, -11.900000
352000, 0.004767, -11.900000
353000, 0.004775, -11.900000
354000, 0.004784, -12.600000
355000, 0.004793, -12.600000
356000, 0.004800, -13.000000
357000, 0.004806, -13.300000
358000, 0.004820, -13.300000
359000, 0.004837, -13.300000
360000, 0.004843, -13.000000
361000, 0.004856, -13.100000
362000, 0.004865, -13.100000
363000, 0.004871, -13.100000
364000, 0.004876, -13.100000
365000, 0.004878, -11.800000
366000, 0.004881, -11.800000
367000, 0.004889, -12.000000
368000, 0.004892, -12.800000
369000, 0.004903, -12.800000
370000, 0.004908, -12.100000
371000, 0.004918, -12.100000
372000, 0.004925, -12.100000
373000, 0.004931, -12.300000
374000, 0.004942, -12.300000
375000, 0.004946, -11.700000
376000, 0.004951, -11.700000
377000, 0.004959, -11.200000
378000, 0.004966, -11.200000
379000, 0.004973, -11.200000
380000, 0.004987, -10.200000
381000, 0.004994, -11.000000
382000, 0.005000, -11.000000
383000, 0.005005, -11.000000
384000, 0.005009, -10.500000
385000, 0.005013, -10.500000
386000, 0.005016, -10.700000
387000, 0.005023, -10.700000
388000, 0.005025, -10.700000
389000, 0.005028, -10.200000
390000, 0.005032, -10.200000
391000, 0.005041, -10.200000
392000, 0.005044, -8.400000
393000, 0.005051, -9.500000
394000, 0.005057, -9.500000
395000, 0.005064, -9.500000
396000, 0.005067, -9.000000
397000, 0.005072, -9.600000
398000, 0.005074, -9.600000
399000, 0.005082, -9.600000
400000, 0.005086, -9.600000
401000, 0.005096, -9.600000
402000, 0.005103, -9.600000
403000, 0.005110, -9.600000
404000, 0.005113, -8.700000
405000, 0.005120, -8.700000
406000, 0.005125, -8.400000
407000, 0.005134, -8.400000
408000, 0.005141, -9.000000
409000, 0.005147, -9.000000
410000, 0.005150, -9.000000
411000, 0.005157, -9.700000
412000, 0.005160, -10.700000
413000, 0.005165, -10.700000
414000, 0.005171, -10.400000
415000, 0.005174, -10.400000
416000, 0.005178, -10.400000
417000, 0.005181, -10.400000
418000, 0.005188, -10.100000
419000, 0.005192, -10.100000
420000, 0.005193, -10.100000
421000, 0.005195, -10.100000
422000, 0.005195, -9.200000
423000, 0.005199, -10.100000
424000, 0.005201, -10.100000
425000, 0.005206, -10.600000
426000, 0.005206, -10.600000
427000, 0.005210, -11.200000
428000, 0.005213, -11.200000
429000, 0.005216, -11.500000
430000, 0.005220, -11.500000
431000, 0.005227, -12.000000
432000, 0.005229, -12.000000
433000, 0.005233, -12.000000
434000, 0.005237, -11.400000
435000, 0.005242, -11.100000
436000, 0.005245, -11.100000
437000, 0.005246, -11.800000
438000, 0.005246, -11.800000
439000, 0.005246, -11.800000
440000, 0.005249, -11.300000
441000, 0.005254, -11.300000
442000, 0.005261, -12.600000
443000, 0.005262, -12.600000
444000, 0.005262, -12.500000
445000, 0.005265, -12.500000
446000, 0.005266, -12.500000
447000, 0.005267, -12.500000
448000, 0.005268, -12.600000
449000, 0.005271, -12.600000
450000, 0.005273, -12.100000
451000, 0.005282, -12.300000
452000, 0.005288, -12.300000
453000, 0.005293, -12.300000
454000, 0.005299, -12.700000
455000, 0.005301, -12.700000
456000, 0.005305, -12.500000
457000, 0.005316, -12.500000
458000, 0.005321, -12.000000
459000, 0.005325, -12.000000
460000, 0.005327, -12.000000
461000, 0.005332, -12.300000
462000, 0.005334, -12.400000
463000, 0.005339, -12.400000
464000, 0.005341, -12.400000
465000, 0.005350, -12.000000
466000, 0.005352, -12.000000
467000, 0.005355, -11.900000
468000, 0.005357, -11.800000
469000, 0.005358, -11.800000
470000, 0.005359, -11.800000
471000, 0.005362, -11.700000
472000, 0.005365, -11.700000
473000, 0.005371, -11.400000
474000, 0.005376, -11.400000
475000, 0.005376, -11.100000
476000, 0.005377, -11.100000
477000, 0.005381, -11.100000
478000, 0.005388, -10.700000
479000, 0.005389, -10.700000
480000, 0.005391, -10.600000
481000, 0.005393, -10.600000
482000, 0.005396, -10.600000
483000, 0.005397, -10.700000
484000, 0.005400, -10.700000
485000, 0.005406, -9.600000
486000, 0.005409, -9.600000
487000, 0.005411, -9.600000
488000, 0.005413, -9.000000
489000, 0.005413, -9.000000
490000, 0.005416, -9.000000
491000, 0.005416, -8.300000
492000, 0.005417, -8.300000
493000, 0.005418, -7.700000
494000, 0.005421, -7.700000
495000, 0.005425, -7.800000
496000, 0.005428, -7.800000
497000, 0.005434, -7.800000
498000, 0.005435, -7.500000
499000, 0.005438, -7.500000
500000, 0.005437, -7.300000
501000, 0.005446, -7.300000
502000, 0.005451, -7.800000
503000, 0.005458, -7.800000
504000, 0.005467, -8.000000
505000, 0.005470, -8.000000
506000, 0.005474, -8.000000
507000, 0.005480, -7.600000
508000, 0.005482, -7.600000
509000, 0.005489, -8.300000
510000, 0.005493, -8.300000
511000, 0.005499, -8.300000
512000, 0.005503, -8.400000
513000, 0.005505, -8.400000
514000, 0.005507, -8.200000
515000, 0.005510, -8.200000
516000, 0.005513, -8.600000
517000, 0.005518, -8.600000
518000, 0.005519, -8.600000
519000, 0.005524, -8.100000
520000, 0.005529, -8.100000
521000, 0.005532, -8.000000
522000, 0.005532, -8.000000
523000, 0.005538, -8.000000
524000, 0.005541, -8.000000
525000, 0.005541, -8.000000
526000, 0.005542, -8.000000
527000, 0.005544, -7.200000
528000, 0.005546, -7.500000
529000, 0.005547, -7.500000
530000, 0.005549, -7.500000
531000, 0.005549, -7.800000
532000, 0.005551, -7.800000
533000, 0.005551, -7.800000
534000, 0.005552, -7.800000
535000, 0.005551, -8.200000
536000, 0.005552, -8.200000
537000, 0.005559, -8.700000
538000, 0.005559, -8.700000
539000, 0.005562, -8.700000
540000, 0.005563, -8.000000
541000, 0.005565, -8.000000
542000, 0.005564, -8.600000
543000, 0.005566, -8.600000
544000, 0.005568, -8.600000
545000, 0.005569, -8.400000
546000, 0.005574, -8.400000
547000, 0.005574, -7.700000
548000, 0.005574, -7.700000
549000, 0.005577, -7.700000
550000, 0.005578, -8.000000
551000, 0.005581, -8.000000
552000, 0.005589, -7.700000
553000, 0.005593, -7.700000
554000, 0.005599, -7.700000
555000, 0.005602, -6.900000
556000, 0.005609, -6.900000
557000, 0.005614, -6.400000
558000, 0.005617, -6.400000
559000, 0.005621, -6.400000
560000, 0.005629, -5.800000
561000, 0.005631, -5.800000
562000, 0.005637, -5.900000
563000, 0.005639, -5.900000
564000, 0.005641, -6.700000
565000, 0.005643, -6.700000
566000, 0.005647, -7.100000
567000, 0.005648, -7.100000
568000, 0.005650, -7.100000
569000, 0.005656, -6.900000
570000, 0.005659, -6.900000
571000, 0.005663, -8.100000
572000, 0.005663, -8.100000
573000, 0.005664, -8.400000
574000, 0.005667, -8.400000
575000, 0.005670, -8.200000
576000, 0.005671, -8.200000
577000, 0.005672, -9.000000
578000, 0.005674, -9.000000
579000, 0.005677, -9.500000
580000, 0.005678, -9.500000
581000, 0.005679, -10.200000
582000, 0.005680, -10.200000
583000, 0.005684, -10.200000
584000, 0.005685, -9.800000
585000, 0.005689, -10.000000
586000, 0.005695, -10.000000
587000, 0.005698, -10.000000
588000, 0.005702, -9.200000
589000, 0.005707, -9.200000
590000, 0.005710, -10.000000
591000, 0.005711, -10.000000
592000, 0.005714, -9.100000
593000, 0.005718, -9.100000
594000, 0.005718, -9.100000
595000, 0.005720, -9.500000
596000, 0.005722, -9.500000
597000, 0.005727, -9.300000
598000, 0.005731, -9.300000
599000, 0.005733, -9.300000
600000, 0.005732, -7.900000
601000, 0.005748, -7.900000
602000, 0.005755, -7.700000
603000, 0.005765, -7.700000
604000, 0.005771, -7.400000
605000, 0.005778, -8.400000
606000, 0.005782, -8.400000
607000, 0.005784, -8.400000
608000, 0.005792, -7.100000
609000, 0.005800, -7.100000
610000, 0.005809, -7.600000
611000, 0.005815, -7.600000
612000, 0.005817, -7.600000
613000, 0.005827, -7.300000
614000, 0.005833, -7.300000
615000, 0.005838, -7.300000
616000, 0.005839, -7.300000
617000, 0.005841, -7.300000
618000, 0.005846, -6.900000
619000, 0.005854, -6.900000
620000, 0.005857, -6.900000
621000, 0.005862, -7.100000
622000, 0.005866, -7.100000
623000, 0.005874, -8.400000
624000, 0.005875, -8.400000
625000, 0.005876, -8.400000
626000, 0.005885, -8.100000
627000, 0.005889, -8.100000
628000, 0.005895, -8.500000
629000, 0.005895, -8.500000
630000, 0.005901, -8.100000
631000, 0.005906, -8.100000
632000, 0.005906, -8.100000
633000, 0.005907, -8.600000
634000, 0.005911, -8.600000
635000, 0.005911, -8.600000
636000, 0.005919, -8.600000
637000, 0.005919, -8.700000
638000, 0.005920, -8.700000
639000, 0.005926, -9.600000
640000, 0.005930, -9.600000
641000, 0.005931, -9.600000
642000, 0.005933, -9.200000
643000, 0.005941, -9.200000
644000, 0.005947, -9.600000
645000, 0.005952, -9.600000
646000, 0.005961, -9.600000
647000, 0.005963, -9.300000
648000, 0.005969, -9.300000
649000, 0.005978, -9.300000
650000, 0.005978, -8.000000
651000, 0.005990, -8.000000
652000, 0.006002, -8.000000
653000, 0.006009, -8.000000
654000, 0.006012, -8.000000
655000, 0.006018, -7.300000
656000, 0.006021, -7.300000
657000, 0.006024, -7.300000
658000, 0.006028, -7.100000
659000, 0.006041, -7.100000
660000, 0.006044, -6.400000
661000, 0.006055, -6.400000
662000, 0.006057, -6.400000
663000, 0.006058, -5.600000
664000, 0.006059, -5.600000
665000, 0.006061, -5.600000
666000, 0.006066, -5.100000
667000, 0.006067, -5.100000
668000, 0.006075, -5.100000
669000, 0.006078, -4.100000
670000, 0.006079, -4.100000
671000, 0.006079, -4.100000
672000, 0.006086, -2.600000
673000, 0.006089, -2.600000
674000, 0.006088, -2.900000
675000, 0.006093, -2.900000
676000, 0.006098, -2.900000
677000, 0.006098, -3.800000
678000, 0.006102, -3.800000
679000, 0.006102, -3.800000
680000, 0.006101, -2.900000
681000, 0.006102, -2.900000
682000, 0.006101, -3.300000
683000, 0.006103, -3.300000
684000, 0.006104, -3.300000
685000, 0.006104, -3.800000
686000, 0.006109, -3.800000
687000, 0.006108, -4.000000
688000, 0.006112, -4.000000
689000, 0.006116, -4.000000
690000, 0.006119, -4.100000
691000, 0.006131, -4.100000
